p	1/p
190.65, 0.005245213742
162.2,	0.006165228113
140.4,	0.007122507123
123.25,	0.008113590264
110.25,	0.009070294785
99.05,	0.01009591116
90.8,	0.01101321586
83.25,	0.01201201201

193.3,	0.005173305742
164.45,	0.006080875646
142.55,	0.007015082427
126.15,	0.007927070947
112.85,	0.008861320337
101.7,	0.009832841691
92.5,	0.01081081081
85.4,	0.01170960187

197.05,	0.005074854098
166.4,	0.006009615385
144.55,	0.006918021446
127.6,	0.007836990596
114.05,	0.008768084174
102.95,	0.009713453133
94.25,	0.01061007958
86.6,	0.01154734411

199.9,	0.005002501251
168.8,	0.005924170616
146.85,	0.006809669731
129.65,	0.00771307366
116.65,	0.008572653236
105, 0.009523809524
95.8,	0.01043841336
88,	0.01136363636

201.2,	0.004970178926
171.3,	0.005837711617
148, 0.006756756757
130.8,	0.007645259939
117.2,	0.008532423208
105.65,	0.009465215334
96.6,	0.01035196687
88.85,	0.01125492403
